Aggr_Money = [98779.99999999916, 98779.99999999929, 98779.99999999808, 98779.99999999949, 98779.99999999837, 98780.00000000016, 98779.99999999946, 98779.9999999982, 98779.99999999872, 98779.99999999891, 98779.9999999984, 98780.00000000007, 98779.99999999964, 98779.99999999907, 98780.00000000022, 98779.99999999903, 98779.99999999923, 98779.99999999872, 98779.99999999894, 98779.99999999936, 98780.00000000058, 98779.99999999882, 98779.99999999905, 98780.00000000013, 98780.00000000007, 98780.00000000038, 98779.99999999873, 98779.99999999916, 98780.0000000008, 98779.99999999953, 98779.99999999884, 98780.00000000006, 98779.99999999983, 98780.00000000001, 98779.99999999936, 98779.99999999946, 98780.00000000061, 98779.9999999995, 98779.99999999907, 98779.99999999873, 98780.00000000042, 98779.9999999984, 98780.00000000009, 98779.9999999992, 98780.00000000007, 98779.99999999857, 98779.99999999882, 98779.99999999994, 98779.99999999885, 98779.99999999895, 98779.9999999995, 98779.99999999894, 98779.99999999895, 98779.99999999825, 98779.99999999821, 98779.99999999857, 98779.99999999983, 98779.99999999942, 98780.0000000003, 98780.00000000004, 98780.00000000026, 98779.99999999903, 98780.00000000019, 98780.00000000042, 98780.00000000001, 98779.99999999996, 98779.9999999999, 98779.9999999999, 98779.99999999996, 98779.9999999999, 98779.99999999996, 98779.99999999983, 98779.99999999983, 98779.99999999985, 98779.99999999988, 98779.99999999987, 98779.99999999997, 98779.99999999993, 98779.99999999987, 98779.99999999983, 98780.0, 98780.00000000009, 98779.99999999988, 98779.99999999984, 98780.00000000009, 98779.99999999993, 98779.99999999985, 98779.99999999985, 98779.99999999983, 98779.99999999999, 98779.9999999999, 98779.99999999984, 98780.00000000012, 98779.99999999984, 98780.00000000001, 98779.9999999999, 98779.99999999985, 98780.00000000001, 98780.00000000003, 98779.99999999981, 98779.99999999985, 98779.99999999977, 98779.99999999993, 98780.00000000003, 98780.00000000004, 98779.99999999997, 98779.99999999994, 98779.99999999985, 98780.0, 98779.99999999978, 98780.0, 98779.9999999999, 98779.99999999997, 98779.99999999981, 98779.99999999997, 98779.9999999999, 98779.99999999988, 98779.99999999991, 98779.99999999984, 98779.99999999981, 98779.99999999988, 98780.0, 98779.99999999994, 98779.99999999991, 98779.9999999998, 98779.99999999985, 98780.0, 98779.99999999984, 98779.99999999974, 98779.99999999972, 98779.99999999991, 98779.99999999972, 98779.99999999987, 98780.00000000004, 98779.99999999985, 98779.99999999988, 98779.99999999984, 98779.99999999994, 98779.99999999985, 98779.99999999984, 98779.99999999984, 98779.99999999993, 98779.99999999994, 98780.00000000003, 98779.99999999987, 98779.99999999987, 98780.00000000015, 98779.99999999997, 98779.99999999991, 98779.99999999983, 98779.99999999993, 98779.9999999998, 98780.00000000003, 98779.99999999988, 98779.99999999996, 98779.99999999991, 98779.9999999999, 98779.99999999991, 98780.0, 98779.99999999991, 98779.99999999994, 98779.99999999967, 98779.99999999994, 98779.99999999997, 98779.99999999985, 98779.9999999999, 98779.99999999997, 98779.99999999993, 98779.99999999991, 98779.99999999996, 98779.99999999993, 98779.99999999987, 98780.00000000003, 98779.99999999997, 98779.99999999988, 98779.9999999999, 98779.9999999999, 98779.99999999993, 98779.99999999984, 98780.0, 98779.99999999991, 98779.99999999997, 98780.00000000003, 98779.99999999985, 98779.99999999996, 98779.99999999983, 98779.99999999994, 98779.99999999996, 98779.99999999996, 98780.00000000007, 98780.00000000009, 98779.99999999983, 98779.99999999993, 98779.99999999991, 98779.9999999998, 98779.99999999977, 98780.00000000012, 98779.99999999977, 98780.0, 98780.0, 98779.99999999994, 98780.00000000009, 98779.99999999983, 98779.99999999994, 98779.99999999988, 98779.99999999993, 98779.99999999985, 98780.00000000013, 98779.99999999993, 98779.99999999981, 98780.0, 98779.99999999983, 98779.9999999998, 98780.00000000006, 98780.00000000007, 98780.00000000001, 98779.99999999981, 98779.99999999987, 98779.9999999999, 98779.9999999999, 98779.99999999983, 98779.99999999993, 98779.99999999977, 98779.9999999999, 98779.99999999999, 98779.99999999983, 98779.99999999991, 98779.99999999985, 98780.00000000003, 98779.99999999988, 98780.0, 98779.99999999993, 98780.00000000012, 98779.99999999996, 98779.99999999996, 98779.99999999985, 98780.00000000009, 98780.00000000007, 98779.99999999996, 98780.00000000016, 98780.00000000007, 98780.00000000007, 98779.99999999994, 98780.00000000004, 98780.00000000006, 98779.99999999981, 98779.9999999999, 98779.99999999999, 98780.00000000007, 98780.00000000003, 98780.00000000003, 98779.99999999999, 98779.99999999994, 98779.99999999994, 98780.00000000004, 98779.99999999991, 98779.99999999996, 98779.99999999983, 98779.99999999994, 98779.99999999993, 98779.99999999983, 98780.00000000023, 98779.99999999997, 98779.99999999981, 98779.9999999999, 98779.99999999994, 98780.00000000001, 98780.00000000006, 98779.99999999997, 98780.00000000003, 98780.0, 98779.99999999983, 98779.99999999994, 98780.00000000003, 98779.99999999996, 98780.00000000001, 98779.99999999994, 98779.9999999998, 98779.99999999993, 98780.00000000009, 98779.99999999988, 98779.99999999997, 98779.9999999998, 98779.99999999993, 98779.99999999977, 98780.00000000007, 98779.99999999984, 98780.00000000003, 98780.0, 98780.00000000004, 98780.00000000009, 98779.99999999985, 98780.00000000001, 98779.99999999993, 98780.00000000004, 98779.99999999994, 98780.0000000002, 98780.00000000001, 98780.00000000006, 98780.0000000001, 98780.00000000003, 98780.00000000004, 98780.00000000015, 98780.00000000006, 98779.9999999999, 98779.99999999997, 98780.00000000007, 98779.99999999999, 98780.00000000004, 98780.00000000019, 98779.99999999999, 98780.00000000023, 98779.9999999999, 98780.00000000007, 98780.00000000004, 98780.00000000019, 98780.00000000012, 98779.99999999988, 98779.99999999997, 98780.00000000003, 98780.00000000004, 98780.00000000012, 98780.00000000001, 98779.99999999978, 98779.99999999997, 98780.00000000003, 98780.00000000017, 98779.99999999996, 98780.00000000013, 98780.00000000003, 98780.0, 98780.00000000003, 98780.00000000009, 98779.99999999994, 98780.00000000009, 98780.00000000007, 98780.00000000007, 98780.0, 98779.99999999994, 98779.99999999981, 98779.99999999996, 98780.0000000001, 98780.00000000003, 98779.99999999981, 98780.00000000013, 98780.00000000001, 98779.9999999999, 98780.00000000006, 98779.99999999999, 98779.99999999991, 98779.99999999994, 98780.00000000001, 98780.00000000007, 98780.00000000007, 98780.00000000007, 98780.00000000003, 98779.99999999991, 98780.00000000017, 98780.00000000003, 98780.00000000004, 98780.00000000007, 98779.99999999985, 98780.00000000004, 98780.00000000012, 98780.00000000006, 98779.99999999994, 98780.00000000006, 98779.99999999994, 98780.00000000003, 98780.00000000006, 98780.00000000006, 98779.99999999996, 98780.00000000003, 98779.99999999997, 98779.99999999996, 98779.99999999999, 98780.0000000001, 98780.00000000007, 98779.99999999996, 98780.0, 98780.00000000017, 98780.00000000016, 98780.00000000006, 98780.00000000007, 98779.99999999999, 98780.00000000003, 98780.00000000006, 98780.00000000009, 98779.99999999996, 98780.00000000003, 98780.00000000003, 98780.00000000019, 98779.99999999985, 98780.00000000003, 98780.00000000006, 98779.99999999994, 98780.00000000001, 98780.00000000007, 98779.99999999996, 98780.00000000013, 98780.00000000025, 98780.00000000009, 98780.00000000007, 98780.00000000007, 98780.00000000017, 98780.00000000006, 98780.0000000001, 98780.00000000004, 98780.00000000001, 98780.00000000007, 98779.99999999997, 98780.00000000013, 98779.99999999999, 98779.99999999994, 98780.00000000001, 98780.00000000012, 98780.00000000017, 98779.9999999999, 98780.00000000012, 98780.00000000001, 98780.00000000003, 98780.00000000004, 98780.00000000013, 98780.00000000013, 98780.00000000015, 98780.0000000002, 98779.99999999999, 98780.0000000001, 98780.0, 98780.00000000013, 98780.0000000001, 