Aggr_Production = [62622.0, 62622.0, 62622.0, 62622.0, 62622.0, 62622.0, 62622.0, 62622.0, 62622.0, 62622.0, 62622.0, 62622.0, 62622.0, 62622.0, 62622.0, 62622.0, 62622.0, 62622.0, 62622.0, 62622.0, 62622.0, 62622.0, 62622.0, 62622.0, 62622.0, 62622.0, 62622.0, 62622.0, 62622.0, 62622.0, 62622.0, 62622.0, 62622.0, 62622.0, 62622.0, 62622.0, 62622.0, 62622.0, 62622.0, 62622.0, 62622.0, 62622.0, 62622.0, 62622.0, 62622.0, 62622.0, 62622.0, 62622.0, 62622.0, 62622.0, 62622.0, 62622.0, 62622.0, 62622.0, 62622.0, 62622.0, 62622.0, 62622.0, 62622.0, 62622.0, 62622.0, 62622.0, 62622.0, 62622.0, 62685.0, 57393.0, 52227.0, 46935.0, 41958.0, 37548.0, 34083.0, 32004.0, 30618.0, 30492.0, 30870.0, 32130.0, 33894.0, 35847.0, 38115.0, 39816.0, 41643.0, 43092.0, 44604.0, 46053.0, 47061.0, 48384.0, 49707.0, 51219.0, 52731.0, 54054.0, 54999.0, 55755.0, 56574.0, 57708.0, 58842.0, 59409.0, 59535.0, 59598.0, 59976.0, 60291.0, 60165.0, 60165.0, 60102.0, 59976.0, 60291.0, 60921.0, 61236.0, 61173.0, 61173.0, 61362.0, 61425.0, 61488.0, 61425.0, 61236.0, 60921.0, 61362.0, 61425.0, 61488.0, 61803.0, 61929.0, 62118.0, 62118.0, 62244.0, 62055.0, 62181.0, 62370.0, 62433.0, 62496.0, 62622.0, 62874.0, 62811.0, 62622.0, 62622.0, 62433.0, 62370.0, 62559.0, 62496.0, 62559.0, 62748.0, 62874.0, 62874.0, 62811.0, 62937.0, 62937.0, 62811.0, 62748.0, 62811.0, 62748.0, 62748.0, 62874.0, 62937.0, 63000.0, 63000.0, 63000.0, 62874.0, 62874.0, 62937.0, 62874.0, 62811.0, 62748.0, 62811.0, 62748.0, 62874.0, 62874.0, 62874.0, 63000.0, 63000.0, 63000.0, 63000.0, 62937.0, 62937.0, 63000.0, 63000.0, 63000.0, 63000.0, 63000.0, 63000.0, 63000.0, 63000.0, 63000.0, 63000.0, 63000.0, 63000.0, 63000.0, 62937.0, 63000.0, 63000.0, 63000.0, 63000.0, 63000.0, 63000.0, 63000.0, 63000.0, 63000.0, 63000.0, 63000.0, 63000.0, 63000.0, 63000.0, 63000.0, 63000.0, 63000.0, 62937.0, 63000.0, 62874.0, 62937.0, 63000.0, 63000.0, 63000.0, 63000.0, 62937.0, 62937.0, 62874.0, 62937.0, 63000.0, 62874.0, 62937.0, 62937.0, 62874.0, 63000.0, 62811.0, 62874.0, 62811.0, 62811.0, 62748.0, 62559.0, 62433.0, 62244.0, 62181.0, 61929.0, 61992.0, 61803.0, 61614.0, 61047.0, 60606.0, 60354.0, 60039.0, 60102.0, 60228.0, 59976.0, 60228.0, 60480.0, 60795.0, 61110.0, 61299.0, 61425.0, 61488.0, 61740.0, 61488.0, 61614.0, 61425.0, 61299.0, 61425.0, 61425.0, 61992.0, 61992.0, 62118.0, 62433.0, 62433.0, 62244.0, 62433.0, 62559.0, 62622.0, 62622.0, 62748.0, 62748.0, 62811.0, 62559.0, 62433.0, 62685.0, 62748.0, 62874.0, 62811.0, 62811.0, 62874.0, 62874.0, 62874.0, 62748.0, 62874.0, 62937.0, 63000.0, 63000.0, 62874.0, 62874.0, 62811.0, 62874.0, 62937.0, 63000.0, 63000.0, 62937.0, 63000.0, 62937.0, 62937.0, 62811.0, 62937.0, 62874.0, 62937.0, 62811.0, 62811.0, 62874.0, 62811.0, 62496.0, 62622.0, 62433.0, 62118.0, 61803.0, 61677.0, 61362.0, 61362.0, 61236.0, 61551.0, 61425.0, 61110.0, 61173.0, 60480.0, 60543.0, 60795.0, 60921.0, 60984.0, 60858.0, 61236.0, 61299.0, 61362.0, 61551.0, 61425.0, 61929.0, 62118.0, 62181.0, 62307.0, 62559.0, 62559.0, 62433.0, 62244.0, 62181.0, 62559.0, 62622.0, 62811.0, 62748.0, 62622.0, 62622.0, 62685.0, 62559.0, 62559.0, 62622.0, 62685.0, 62748.0, 62748.0, 62748.0, 62811.0, 62874.0, 62937.0, 62874.0, 62874.0, 62937.0, 62874.0, 62874.0, 62874.0, 62811.0, 62811.0, 62937.0, 62874.0, 62874.0, 63000.0, 62937.0, 62874.0, 62874.0, 62874.0, 62811.0, 62874.0, 62811.0, 62811.0, 62874.0, 62874.0, 62622.0, 62559.0, 62622.0, 62748.0, 62559.0, 62496.0, 62370.0, 62496.0, 62370.0, 62055.0, 61992.0, 61740.0, 62181.0, 61614.0, 61425.0, 61173.0, 61614.0, 61299.0, 61173.0, 60732.0, 61173.0, 61614.0, 61425.0, 61803.0, 62118.0, 62370.0, 62307.0, 62307.0, 62055.0, 61992.0, 62244.0, 62118.0, 62307.0, 62307.0, 62181.0, 62181.0, 62496.0, 62370.0, 62307.0, 62496.0, 62622.0, 62622.0, 62433.0, 62433.0, 62433.0, 62496.0, 62496.0, 62559.0, 62622.0, 62685.0, 62811.0, 62685.0, 63000.0, 62937.0, 62937.0, 63000.0, 62748.0, 62748.0, 62937.0, 62937.0, 62874.0, 62811.0, 62874.0, 62622.0, 62559.0, 62811.0, 62874.0, 62811.0, 62937.0, 62937.0, 62811.0, 62811.0, 62874.0, 62937.0, 62937.0, 62874.0, 63000.0, 63000.0, 62748.0, 62874.0, 62874.0, 62685.0, 62811.0, 62748.0, 62622.0, 62370.0, 62244.0, 62370.0, 62307.0, 62118.0, 61866.0, 61929.0, 61740.0, 61677.0, 61740.0, 61803.0, 62118.0, 62307.0, 62181.0, 61803.0, 61803.0, 61866.0, 61803.0, 61551.0, 61614.0, 61677.0, 61992.0, 61866.0, 61866.0, 61803.0, 61551.0, 62055.0, 62118.0, 62307.0, 62244.0, 62370.0, 62307.0, 62370.0, 62370.0, 62370.0, 62622.0, 62811.0, 62622.0, 62811.0, 62685.0, 62622.0, 62748.0, 62874.0, 62874.0, 62811.0, 62748.0, 62874.0, 62874.0, 62874.0, 62811.0, 62874.0, 62937.0, 62937.0, 62874.0, 62811.0, 62748.0, 62811.0, 62937.0, 62811.0, 62811.0, 62685.0, 62811.0, 62748.0, 62811.0, 62937.0, 62874.0, 62937.0, 62874.0, 62937.0, 62685.0, 62559.0, 62559.0, 62433.0, 62307.0, 62370.0, 62370.0, 62370.0, 62433.0, 62307.0, 62244.0, 62370.0, 61992.0, 61866.0, 61803.0, 61425.0, 60984.0, 61110.0, 61047.0, 61299.0, 61362.0, 61299.0, 61299.0, 61803.0, 61614.0, 61740.0, 61866.0, 62055.0, 62055.0, 62244.0, 62370.0, 62370.0, 62559.0, 62496.0, 62433.0, 62496.0, 62181.0, 62244.0, 62433.0, 62496.0, 62748.0, 62748.0, 62874.0, 62811.0, 62874.0, 62811.0, 62937.0, 62937.0, 62937.0, 62874.0, 62937.0, 63000.0, 62937.0, 62874.0, 62937.0, 63000.0, 62874.0, 62937.0, 62811.0, 62748.0, 62811.0, 62811.0, 62811.0, 63000.0, 62748.0, 62811.0, 62685.0, 62559.0, 62685.0, 62622.0, 62622.0, 62685.0, 62748.0, 62496.0, 62559.0, 62496.0, 62559.0, 62559.0, 62685.0, 62622.0, 62622.0, 62559.0, 62433.0, 62307.0, 62118.0, 62181.0, 61929.0, 61866.0, 61992.0, 61614.0, 61677.0, 61551.0, 61614.0, 61551.0, 61740.0, 61677.0, 61551.0, 61551.0, 61425.0, 61740.0, 62118.0, 61992.0, 62370.0, 62433.0, 62685.0, 62496.0, 62559.0, 62685.0, 62811.0, 62685.0, 62622.0, 62559.0, 62748.0, 62622.0, 62622.0, 62811.0, 62685.0, 62685.0, 62748.0, 62811.0, 62874.0, 62937.0, 62811.0, 62937.0, 62874.0, 62685.0, 62748.0, 62748.0, 62748.0, 62811.0, 62811.0, 62811.0, 62811.0, 62874.0, 62937.0, 62937.0, 62937.0, 62811.0, 62811.0, 62748.0, 62748.0, 62685.0, 62748.0, 62874.0, 62748.0, 62622.0, 62559.0, 62370.0, 62496.0, 62055.0, 61866.0, 61677.0, 61677.0, 61677.0, 61551.0, 61173.0, 61173.0, 61740.0, 61677.0, 61488.0, 61740.0, 61740.0, 61362.0, 61488.0, 61614.0, 61740.0, 61740.0, 61677.0, 61740.0, 61929.0, 62181.0, 62307.0, 62307.0, 62181.0, 62118.0, 62118.0, 62244.0, 62307.0, 62496.0, 62244.0, 62559.0, 62496.0, 62118.0, 62244.0, 62433.0, 62685.0, 62748.0, 62685.0, 62811.0, 62811.0, 62685.0, 62874.0, 62811.0, 62748.0, 62811.0, 62685.0, 62748.0, 62811.0, 62937.0, 62874.0, 62811.0, 62874.0, 62748.0, 62874.0, 63000.0, 62937.0, 62937.0, 62937.0, 62937.0, 62874.0, 62937.0, 62874.0, 62874.0, 62937.0, 62937.0, 62937.0, 62937.0, 63000.0, 62874.0, 62874.0, 62685.0, 62748.0, 62748.0, 62748.0, 62622.0, 62622.0, 62496.0, 62622.0, 62748.0, 62370.0, 62118.0, 61488.0, 61236.0, 61551.0, 61047.0, 60669.0, 60669.0, 60228.0, 59787.0, 59913.0, 60039.0, 60228.0, 60039.0, 60543.0, 60795.0, 60858.0, 60858.0, 60984.0, 61362.0, 61803.0, 62118.0, 62055.0, 62055.0, 61866.0, 61866.0, 61992.0, 61866.0, 61929.0, 62055.0, 62181.0, 62370.0, 62622.0, 62622.0, 62622.0, 62559.0, 62370.0, 62748.0, 62685.0, 62811.0, 63000.0, 62748.0, 62559.0, 62685.0, 62748.0, 62685.0, 62811.0, 62811.0, 62748.0, 62874.0, 62937.0, 62874.0, 62937.0, 62937.0, 62937.0, 63000.0, 62937.0, 62874.0, 62811.0, 62874.0, 62811.0, 62874.0, 62937.0, 62874.0, 62748.0, 62874.0, 62685.0, 63000.0, 62937.0, 62874.0, 62874.0, 62874.0, 62874.0, 62748.0, 62748.0, 62811.0, 62685.0, 62559.0, 62685.0, 62622.0, 62370.0, 62370.0, 62181.0, 61614.0, 61803.0, 61803.0, 61740.0, 61614.0, 60858.0, 61047.0, 61362.0, 61299.0, 61425.0, 61425.0, 61299.0, 61677.0, 61803.0, 61803.0, 61677.0, 61929.0, 61929.0, 61992.0, 62244.0, 62370.0, 62244.0, 62685.0, 62685.0, 62685.0, 62811.0, 62685.0, 62685.0, 62433.0, 62496.0, 62559.0, 62622.0, 62685.0, 62685.0, 62685.0, 62622.0, 62874.0, 62748.0, 62811.0, 62748.0, 62874.0, 62874.0, 62874.0, 62748.0, 62811.0, 62811.0, 62811.0, 