Aggr_Sales = [58398.72268669029, 54084.11266437723, 51558.38536822016, 49673.64232980052, 48086.82708710719, 46788.50528454861, 45836.47483222041, 55904.63602306979, 55896.17766289886, 55890.93347482379, 55887.31257560565, 55885.78430040344, 55885.27778780876, 55884.42597215846, 55883.94718182555, 55883.841489098704, 55883.9400803462, 55883.71607547624, 55883.68437880162, 55883.73954569898, 55883.7176908202, 55883.73864660593, 55883.7316992504, 55883.72753482047, 55883.70249892492, 55883.69001475469, 55883.72350648804, 55883.56010859332, 55883.72037181387, 55883.72074025348, 55883.616129318696, 55883.635050270736, 55883.55609623645, 55883.72302512613, 55883.72238133607, 55883.72197365971, 55883.72171688282, 55883.721555815435, 55883.72145511585, 55883.721392330015, 55883.721353274515, 55883.721329029046, 55883.7213140045, 55883.72130470881, 55883.580236634894, 55883.636583439984, 55883.723572454175, 55883.722598499415, 55883.722039130094, 55883.72171839113, 55883.72153470533, 55883.72142961388, 55883.72136954134, 55883.721335231254, 55883.72131565126, 55883.721304486986, 55883.72129812643, 55883.72129450659, 55883.72129244824, 55883.66298655272, 55883.655325463726, 55883.72024212153, 55883.72066304388, 55883.72091451057, 56203.418004824554, 56569.471589826295, 57068.50649261621, 57432.0874169864, 57740.48089353239, 57914.92172602892, 57981.779937998836, 57988.1929129923, 57904.58780190163, 57793.89586253139, 57705.40646167118, 57602.23964565244, 57574.355279224845, 57635.32193559596, 57730.97201756085, 57898.05961572391, 58099.081772153906, 58385.86102386673, 58654.250569839875, 58973.285038009235, 59235.92563332723, 59500.08729513827, 59762.24334149477, 60050.70329013561, 60334.449336295016, 60585.32494659291, 60771.24453204787, 60915.219370406994, 61053.32176944852, 61163.881336090875, 61265.20051769648, 61400.681198008235, 61510.23618839807, 61625.98887168848, 61689.6726582601, 61772.821166477384, 61863.29853602807, 61931.05909361346, 61996.3435919477, 62028.61911651359, 62048.52521371277, 62082.37894285486, 62123.49356797334, 62180.42495362308, 62221.19232881671, 62255.75083881532, 62303.93484045883, 62334.511449481775, 62388.07239192085, 62481.52027831248, 62526.44420409926, 62533.13890898198, 62521.44111247219, 62540.13218471579, 62563.19013718992, 62565.076436643656, 62573.46424966168, 62572.68378058615, 62609.14842342796, 62648.09414142252, 62670.477142641976, 62693.2423287191, 62709.832475424, 62740.46072055102, 62753.48917734146, 62796.51875756151, 62816.23774048399, 62840.547106054, 62825.92659175098, 62835.69513172261, 62858.64392808305, 62861.06833167605, 62872.24747868083, 62878.40653987967, 62887.63545334214, 62902.49980386513, 62925.72738860022, 62929.75198386645, 62932.62976840441, 62939.57990124771, 62966.3228371067, 62979.01926874089, 63008.7895942927, 63023.74290339721, 63018.86782690604, 62994.66864738767, 63010.840392562175, 63040.863183104724, 63060.137989352166, 63058.9094469536, 63065.7518794012, 63085.8806201125, 63126.693729310544, 63105.3358573264, 63095.72428332749, 63114.701154705595, 63111.81687269357, 63113.901169447214, 63140.93665048027, 63169.95677379804, 63190.29473854247, 63182.68375961662, 63065.28245701342, 63045.89472939733, 63003.576091492745, 63040.837878189086, 63121.49302795622, 63034.827915560665, 62952.31886245977, 62988.34156860282, 63102.52063255358, 63091.1902626061, 63036.286691950154, 63063.52257750422, 62984.951766011, 62903.255610836815, 62894.990241085055, 62905.52886723513, 63045.85467321282, 62867.498529252305, 62849.342218274774, 62948.31477352348, 63058.11997464057, 63088.74814019724, 62993.72406469175, 62970.186599793386, 62920.844412078266, 63006.054476780926, 63037.663520319875, 63003.02615438482, 63051.15367129965, 62988.921283264724, 62919.73015936204, 62852.104487813885, 62906.094106648874, 62882.13589549182, 62863.72630448274, 62877.62455502659, 62786.014445864406, 62732.390511013924, 62795.95180811916, 62826.543594840456, 62742.279318924775, 62699.814571809155, 62581.87683994028, 62545.47785167253, 62452.97844728024, 62338.10451971971, 62283.73609961092, 62096.97834282344, 62010.60736938619, 61814.81492668573, 61607.26497618939, 61451.354493911225, 61254.014408584895, 61132.356331236755, 61030.87209792163, 60952.93121639978, 60825.963506555585, 60770.45524423559, 60640.8598960992, 60649.8374358258, 60592.84870921291, 60628.134083353325, 60656.52354516312, 60642.383459581426, 60653.85140417721, 60721.28689879708, 60809.03126102086, 60901.28421757327, 61009.37103034634, 61202.30663307212, 61297.52323553777, 61409.167371663236, 61521.64543611181, 61618.81810575045, 61717.899907060964, 61828.310459865635, 61884.313646171584, 62030.23286105505, 62124.59136870454, 62206.27873271817, 62314.85629875765, 62354.30170757798, 62446.56960160328, 62546.03241114767, 62611.25323817667, 62681.61666607606, 62721.38989814005, 62762.025504437355, 62802.32839544616, 62820.68086842775, 62850.332181934646, 62876.78036237495, 62914.921158337514, 62938.27114292571, 62959.35705539519, 62977.741631201214, 62990.38567042583, 63004.337568781004, 63017.64251292627, 63040.42266164548, 63033.91318121265, 63057.78078948442, 63068.67985185092, 63061.757482837784, 63074.712206604956, 63074.55217221222, 63083.924820761466, 63089.43714494654, 63092.37795993847, 63091.840892073466, 63100.79314899225, 63076.839584149384, 63045.01767420856, 62976.26091706951, 62924.91820709004, 62905.373558469146, 62839.2679155141, 62784.91304536168, 62671.76176283232, 62486.889555468406, 62326.36145856197, 62218.0670451673, 62131.85136315963, 62072.80029548521, 61970.573136257175, 61863.49177748813, 61777.078629009666, 61705.3083887881, 61561.56658662703, 61475.54327687011, 61364.158697168416, 61244.817760966136, 61147.41732057072, 61105.261795437844, 61014.556626781945, 60965.998663935454, 60964.95180922118, 60947.37509728046, 60922.844579290744, 60901.170829360715, 60951.98132560537, 61086.555064472115, 61203.15767174614, 61279.12935937075, 61396.98237014195, 61468.12838768777, 61588.92200254822, 61674.993709086295, 61783.64560474279, 61917.68173598718, 62013.819194258074, 62071.768580336204, 62125.78084309436, 62195.51256540922, 62312.30092383571, 62368.01946595993, 62458.705234471534, 62577.226311099934, 62628.8207225355, 62685.88756988892, 62722.56742518973, 62770.82939354519, 62797.24340232207, 62827.54986695787, 62853.66438627076, 62902.40086986799, 62955.751473479904, 63008.43947981305, 63018.15914225932, 63068.08505111277, 63111.337211982376, 63134.69553338386, 63138.08699595492, 63147.32458231488, 63149.13425363778, 63165.37902303825, 63173.74886957066, 63156.01912307826, 63145.55484562142, 63124.748782542236, 63112.08610328204, 63108.12884811081, 63066.35568942103, 63033.59645955959, 63012.48528289015, 62994.38922119945, 62975.27971311257, 62931.802489417416, 62905.22709535681, 62871.759044791004, 62855.25416060384, 62813.27044882734, 62761.97735108818, 62698.687596000505, 62610.07027930065, 62520.205516673595, 62430.53800229372, 62370.03113622924, 62287.22286149473, 62205.92746492416, 62117.066804748436, 61976.49766971652, 61925.655477384185, 61877.12008431889, 61787.21164796933, 61655.445923629006, 61592.118243069766, 61521.830544880635, 61474.12156199711, 61422.607229885434, 61372.09372773267, 61375.43894405669, 61374.84966138956, 61379.54729143173, 61373.09370098811, 61382.55313870663, 61486.0023254043, 61504.11551997739, 61566.453326269904, 61649.25287191863, 61726.548726997265, 61800.86263236275, 61830.93882740632, 61901.368659242864, 61959.58868002269, 62000.01419482621, 62078.23006981891, 62143.69399785529, 62221.97354868065, 62232.614417583594, 62258.24620687747, 62301.73403350498, 62334.406415758494, 62396.07471082281, 62472.81128819721, 62587.92612362567, 62678.398556331245, 62754.21422329483, 62787.63753429535, 62812.42639168483, 62852.445150544576, 62883.4279911526, 62919.59020797522, 62962.619788914606, 62986.101401737724, 62963.51097659331, 62947.07704924578, 62952.64165916461, 62960.01829079334, 