Aggr_Profits = [0.0, 0.0, 0.0, 0.0, 0.0, 0.0, 19768.850290789265, 10832.912717092227, 10824.480798818735, 10819.253004734936, 10815.643424903157, 10814.11992728144, 10813.614998108726, 10812.765845341277, 10812.288551767111, 10812.183189448946, 10812.281472487992, 10812.058167885425, 10812.026570298614, 10812.08156473723, 10812.059778179693, 10812.080668455024, 10812.073742817714, 10812.069591406233, 10812.044633776068, 10812.03218863292, 10812.065575666982, 10811.902688574628, 10812.062450792107, 10812.06281808, 10811.958534171945, 10811.977395974774, 10811.898688760753, 10812.065095809767, 10812.064454032388, 10812.064047630412, 10812.063791656296, 10812.063631092384, 10812.063530707348, 10812.063468118036, 10812.063429184444, 10812.06340501479, 10812.063390037376, 10812.063380770624, 10811.922753693207, 10811.978924351093, 10812.065641426772, 10812.064670516784, 10812.064112896114, 10812.063793159741, 10812.063610048086, 10812.063505285318, 10812.063445400649, 10812.063411197692, 10812.063391679067, 10812.063380549458, 10812.063374209112, 10812.063370600326, 10812.063368548557, 10812.005244924576, 10811.997607784893, 10812.062321505242, 10812.062741111746, 10812.062991792398, 11205.504244101692, 15773.300755086773, 19880.4775849326, 23962.493777982865, 27597.63086924833, 30580.99111289374, 32661.364547546335, 33583.67550159979, 34009.717974076135, 33571.78367555971, 32787.82845103349, 31529.384042449914, 30121.914296420193, 28716.142777386558, 27335.07611012883, 26555.30103328242, 25740.386168954326, 25357.13810688345, 24918.541564137246, 24573.848627645322, 24478.35326383532, 24316.66503598353, 24049.544415998378, 23638.64033748584, 23289.161115711282, 23134.22902542669, 23251.076556841435, 23484.56217880008, 23624.086361730664, 23430.92752686642, 23213.21286082903, 23277.685058240488, 23440.51544193215, 23548.055231058377, 23496.33247683408, 23465.288612431174, 23778.113403119693, 23957.919660653664, 24178.46042746048, 24452.013692071294, 24409.54065180475, 24248.97068573212, 24254.660209531972, 24421.471338170602, 24562.92698063013, 24563.23523706831, 24571.41824566317, 24582.207425717625, 24644.94070730655, 24915.010312991337, 25241.99141556945, 24965.902281404058, 24954.09478027623, 24934.28311770096, 24746.051442195996, 24705.700140790916, 24669.86571076127, 24550.98957484353, 24483.885731400365, 24494.736981752307, 24377.910614032215, 24147.52866382832, 24114.225735791635, 24050.40996047504, 23963.52530102297, 23661.40936685409, 23663.143357205423, 23698.874699162152, 23621.642499212157, 23608.192669392425, 23520.07967965112, 23285.279497860032, 23304.198276343846, 23139.547281995383, 22911.746553293884, 22780.986029995292, 22644.659226123407, 22608.735918433344, 22446.95686223097, 22330.459852897413, 22320.61603074321, 22220.04529906327, 22011.292670310602, 21896.929828694767, 21774.394751985255, 21518.626861604323, 21407.46121944151, 21265.74361069154, 21165.57155097525, 20976.466171164782, 20898.255739685716, 20689.159182197094, 20452.287608066603, 20283.898005502582, 20131.949699405814, 19963.042482587694, 19701.698269401506, 19594.72922242206, 19284.975657428524, 19043.504523046642, 18850.653351964083, 18615.284572236942, 18343.2635231601, 18159.372903674637, 18027.69085366666, 17843.30144930913, 17677.69556519281, 17296.931668992438, 17039.343992302696, 16876.5763828482, 16633.43344896416, 16399.536337959904, 16058.019123689111, 15800.332733596146, 15664.476531153688, 15463.259511955655, 15164.102655112778, 14877.2275730897, 14729.957733278581, 14349.60734998351, 14249.393647684208, 14065.075034455618, 13927.819300611905, 13646.371496873391, 13202.895619960116, 13076.795673193436, 12733.235741576897, 12505.85665197884, 12260.768492025756, 11951.473980455163, 11666.317343917535, 11419.79840472378, 11140.033974375347, 10795.613502156642, 10678.368159517733, 10367.220302484791, 10092.552238785473, 9776.665187376235, 9519.667050951972, 9122.417150833462, 9032.166573903734, 8851.928728128774, 8473.367810965588, 8215.415538247209, 8089.523525461097, 7889.593416825111, 7710.867410867435, 7524.651512934139, 7436.3113572668635, 7121.551947363461, 6905.071076762872, 6689.991053166374, 6322.804980544689, 6182.912957520219, 6164.712165819697, 5797.200055447766, 5895.719288078522, 5700.262564431618, 5723.293803227878, 5589.156420977562, 5618.664901218496, 5780.332277700075, 5816.137370209013, 5989.835645229607, 6144.196694674123, 6488.797849344138, 6597.47902028285, 7046.301144938567, 7577.904510388219, 8300.846421051994, 8964.475061233923, 9497.359934635002, 10122.186562682475, 10477.222140235286, 10739.726105676113, 11345.783005041782, 11546.45322469622, 11678.923344535424, 11720.059987457804, 11780.72855520269, 11853.31386562447, 11909.745877208248, 12032.543899501092, 11987.067928608825, 12383.74777194969, 12485.363860329064, 12675.605660720252, 12847.627423301292, 12926.849803650686, 12944.067317663548, 12552.96017318151, 12692.070880587833, 12692.215060448922, 12513.905737093333, 12600.704276165532, 12745.667677714986, 12601.12906820426, 12477.723733860988, 12372.98218417927, 12286.841158170335, 12056.888738543961, 11978.193266663386, 11805.47679730458, 11816.2081036495, 11633.835712030637, 11362.688424425605, 11140.68618972017, 10896.360116873131, 10773.488707480707, 10625.380338632121, 10420.026332102274, 10134.467568750908, 9976.233675290649, 9810.376086822454, 9523.051134158373, 9314.57163110669, 9098.554711293249, 9010.0518134823, 8909.1058536426, 8675.980106397737, 8415.70245821126, 8114.678886668016, 7968.128817175596, 7778.036428288995, 7747.877307322961, 7729.9960745124445, 7508.281068369236, 7462.575073604926, 7294.465075256254, 7221.360581052122, 6842.552556907754, 6786.939151349492, 6628.333662900791, 6668.61547327409, 6573.009139085409, 6437.826144839425, 6350.672804299055, 6541.219142184382, 6495.998299542586, 6796.439765911995, 7210.848646021021, 7639.084602043452, 7887.350130999892, 8412.980835947155, 8623.984763562175, 9034.901094494817, 9082.434882236214, 9587.963928862562, 10195.001413300111, 10460.987908702282, 11287.929307719432, 11420.610602209756, 11457.44890959966, 11728.984156009574, 12035.53841507001, 12401.209315078162, 12317.646634801222, 12558.627476095076, 12745.336030661532, 12754.162638431986, 12959.087576993805, 12643.276320054136, 12650.200045728394, 12666.11467595613, 12622.087848676765, 12485.841587549983, 12537.422265839989, 12628.161099270725, 12802.671453460262, 12736.565157240606, 12274.014002146372, 12262.871290669456, 12047.824691502228, 12042.6671272548, 12103.551604413884, 11951.156176083678, 11873.735898958934, 11905.536612736154, 11772.451711761056, 11646.809614667414, 11449.417784559942, 11226.61649821121, 10988.328365207448, 10826.492479512532, 10613.820811821206, 10426.130094122129, 10232.774793208473, 10196.15437401289, 10028.442521042145, 9806.226266892361, 9640.67466395614, 9462.799814822854, 9289.541598192647, 9157.189888745886, 9079.18776391809, 8659.171633298238, 8451.745079065948, 8235.860696499145, 7981.398324606527, 7877.183202355917, 7836.450349362717, 7697.26917843942, 7516.641210806019, 7519.803371108189, 7341.995564685579, 7326.732169615128, 7243.03542569212, 7164.081173769391, 7074.217208935363, 7246.278868148237, 7244.727838157713, 7138.133546304701, 7038.256811802363, 7228.217560731489, 7277.189080697723, 7524.774405786397, 7540.4983378315, 7817.4680936239565, 8217.755336063574, 8321.593092252207, 8664.278257002185, 8269.106697493506, 8912.252732697176, 9226.603992711473, 9632.707870441054, 9533.560645108528, 10186.416921662742, 10503.327459440237, 11121.063497067926, 11025.542397405177, 10913.044604528313, 11325.395491320009, 11208.991180127658, 11192.612925612999, 11094.803044033863, 11341.504742397521, 11335.559300245885, 11520.45123496229, 11532.648054566358, 11402.662131205976, 11708.3616693132, 11690.046772181033, 11782.114995651224, 11912.075580140707, 11939.839421229814, 11626.512542946475, 11711.904259132587, 11666.634230380188, 11519.68263311165, 11369.442724484405,