Aggr_Demand_Unsattisfied = [11.047116735249677, 3.1930510293940433, 1.8151512055312757, 0.6939392599517329, 0.529906116268011, 0.09609829091256183, 0.1195552143525358, 0.3164307638243735, 0.5821527278358922, 0.6971550089769445, 1.1691964101766597, 0.7893912351550383, 0.1489523234610597, 0.3143558575808476, 0.3806992018054771, 0.24973033494641372, 0.0, 0.13620142151514392, 0.11403289238816594, 0.02676068063698711, 0.03124875627830903, 0.0, 0.0, 0.0, 0.022538770208938796, 0.03328975288726976, 0.0, 0.16250169545191895, 0.0, 0.0, 0.10483076415970682, 0.08750070513585229, 0.16505728766557892, 0.0, 0.0, 0.0, 0.0, 0.0, 0.0, 0.0, 0.0, 0.0, 0.0, 0.0, 0.14106233087237108, 0.08323203596298856, 0.0, 0.0, 0.0, 0.0, 0.0, 0.0, 0.0, 0.0, 0.0, 0.0, 0.0, 0.0, 0.0, 0.05830472635670869, 0.06535553186573173, 0.0, 0.0, 0.0, 0.0, 0.0, 0.0, 0.0, 0.4447544317713663, 1.077838948557001, 1.320408134227211, 1.3716304591387818, 2.513417657560286, 2.960388270688925, 7.959947307610498, 3.6263345917668834, 5.241276156421504, 4.394631537382192, 2.375162067155502, 3.7440123316328338, 2.6501297863695434, 2.3732521482007325, 3.151199416151012, 1.278679036411839, 1.7626679269783576, 1.586619371179943, 1.4954150684684546, 1.3856198632856067, 0.3832420056435062, 0.4541831689495355, 0.36177050267909683, 0.793041107884284, 0.8718392361492722, 1.2648206153090662, 1.3432164187724434, 1.5867717284901217, 0.5315608396584668, 1.7185160291562485, 1.7314053988418612, 4.994271037553526, 1.2851970070902925, 1.5811669182454824, 1.599451067559426, 1.5796484428350417, 2.602219349298775, 2.2379675199216904, 2.9455296825255717, 1.8520540506662597, 2.573396350216737, 3.544253501115667, 2.555547782010725, 2.7491760030961694, 3.0793557943394156, 3.7182603436002504, 3.3798620598779285, 4.207786022725102, 4.617434382640846, 4.329046847536286, 3.859448571306033, 5.381000306059308, 4.410726491051606, 4.368500518869854, 3.9052898590161975, 5.14652530581497, 4.245371413413008, 4.467218196299035, 4.274324096324981, 6.5981928055276855, 6.200999929540225, 4.749443672063746, 4.5753860083785955, 6.651644440744315, 8.557352027176563, 6.81418056456025, 6.696033068224251, 6.398087738811846, 7.470475145687789, 10.831878232927881, 11.034341623109025, 8.944165352592012, 11.975926968002465, 12.532720432036584, 8.639474436813131, 17.091436925206494, 14.872519933999474, 21.99059553826074, 17.17672483700355, 10.332979276259815, 12.444408245900487, 37.086685833058446, 13.922036129337114, 9.365673581092999, 11.624692911899409, 18.43470089137033, 22.73257682869203, 12.033892431587375, 17.159918163451593, 27.713481195018883, 39.540589460829395, 15.609158142939997, 30.21464952495175, 42.604801855435866, 31.974357875809197, 33.77288459615259, 16.867083308935428, 25.38582232441089, 145.3091860451663, 163.9109395094045, 218.3135644609127, 168.02366634202036, 88.56976197015004, 168.23297331571854, 242.1404027554808, 205.21492082664764, 90.96452729479405, 101.77188831733473, 151.46815492645763, 120.63689490582884, 189.27364209482585, 279.69174472421975, 303.41186242485054, 296.20819677217526, 153.13331345377088, 308.72039993763286, 323.2393418767224, 233.6920490499715, 101.10147341089153, 58.95227938415579, 153.6829343679918, 149.25049622144667, 171.9490053893921, 76.2573600114155, 43.23496846897002, 73.13287318377597, 22.05949200417431, 70.2207644588664, 135.47100444017516, 183.89755498204764, 105.0871363704695, 127.56526899836084, 131.92988404131663, 123.63650437971302, 192.1979271617459, 245.34201872699336, 118.73128700683516, 78.09905663338697, 117.30842268283739, 101.41064202638208, 102.49072977945653, 75.14416930153641, 87.12238506659921, 117.5963613116552, 49.97522922815433, 47.481803698768175, 12.650160606389708, 5.026500316694976, 1.244659743237115, 0.47953207509888296, 3.2862227897136393, 0.48161192177191525, 3.7996178764631474, 8.450668240083125, 6.496016658257659, 0.7111143959688153, 0.931822907999138, 0.20739151189671423, 0.36380414972852426, 0.5225288444141634, 0.511932729692524, 0.31267651779871697, 0.3786142328988955, 0.7318691809940301, 1.3763676515107064, 1.5020733459550994, 1.7129812533509665, 1.7443217426417705, 2.414993691153378, 2.8963130093781904, 4.205559101245312, 1.6420830705182379, 1.9331537445498101, 3.680879218199223, 3.465009419759245, 3.3806029995347147, 2.4818234010161686, 3.869725351354897, 3.613786384611595, 4.519071918279254, 4.033359236587108, 2.7372245961501593, 4.195570921135236, 5.25008309218202, 3.5880519497370527, 3.3933547902921637, 2.302520526263165, 4.027566802613137, 3.2248502297516968, 3.2536390507696167, 2.968780900456192, 4.218842196818672, 5.344600646495271, 5.384381215688093, 6.199935625806352, 8.094015977124657, 7.34338944229123, 8.424690733515817, 11.285279633815247, 9.239337849378082, 7.252321827610466, 9.245126295838954, 7.710482247613665, 7.229450884496433, 7.813674966601227, 12.504703142849458, 9.866289603747202, 9.356822208014638, 9.059865444824984, 11.813745778858706, 9.66105205477095, 8.422145344465989, 18.65445929342963, 12.274029692202756, 10.02921547521737, 15.69289061621085, 22.21872466410667, 16.09329640770805, 16.5210657478538, 16.59105089908801, 15.476622084298851, 10.69651067157942, 10.149153152936032, 25.76324524651814, 3.9350155589022577, 4.479488492606883, 2.3784377154609593, 2.0647899477058957, 1.8195474299851613, 0.4352379033818887, 0.8032668251484378, 0.4855690876619585, 0.36082831353468725, 0.6384852126137925, 0.35752826121823356, 0.40487845275753154, 0.49675438031904684, 1.300562863168229, 2.2108611765724366, 3.092352074360315, 3.9468065104451235, 3.2732315317607292, 1.3829135706137619, 2.287248616474402, 3.891805272222197, 2.4410734314285305, 3.211661515100299, 3.4422928076159742, 2.1902157398244664, 2.476273646360168, 2.4715844214800553, 1.8974936090129089, 1.837655258790819, 2.347172444122639, 3.431520982066387, 2.6479353499611387, 3.419227397336585, 3.7185234446294695, 4.435213283829697, 5.2715952757075915, 5.459780650998564, 6.031503820250778, 6.165806171820831, 6.511051334946465, 7.025265841148366, 3.842264058999431, 4.024805002950855, 2.755743034815395, 4.42057541173866, 3.054864517478792, 4.180230044919558, 4.051905316607483, 2.0343815928109543, 2.926939690912382, 4.1690583443401295, 4.159059926652128, 4.811112727562346, 4.470796678485734, 4.478662295864233, 4.286979015211157, 7.702778256505867, 6.2742793393556155, 6.071183271409783, 6.386738021999452, 9.595400634665458, 14.66965160705211, 9.16155025061224, 9.882034757392372, 9.928047444990483, 14.389414505015255, 9.23767627666708, 10.022608923207068, 10.068157915639906, 13.99561698435205, 10.639791427120421, 7.9327837744240695, 9.218469672956253, 14.743123697847155, 8.336055910281228, 6.288395669260181, 10.86449297184208, 5.143185514861238, 4.093831574049853, 2.2957879108790484, 2.5184876736763693, 1.2091516781616756, 1.9142650886241248, 1.5452402106601557, 2.3517035904238694, 3.341880460974205, 2.6311375338781775, 2.13129313935683, 2.62898787991798, 1.2616385984971714, 2.000770592246373, 3.077726358271283, 4.965222643987138, 3.384319540509158, 3.1291083401319666, 2.686254859867502, 3.0752236436277083, 2.46459990971143, 3.6451744846180496, 2.421275242980949, 2.965752381561455, 3.5457248302460673, 3.3821192838892933, 6.3495209443056275, 4.441290583238543, 7.761369004925254, 7.589753635567143, 5.724539179256524, 5.167652612737173, 6.674837001072495, 6.365159045737098, 4.563283195437318, 3.9465986654403515, 2.550157737042019, 4.221186649741304, 3.332827459203262, 2.680882855956746, 3.963701003661078, 6.599035184195883, 4.3639713096025705, 5.533924518436966, 3.8450457599968466, 3.0440858435474567, 3.628532328557697, 4.784501450806041, 3.429083216755225, 4.943083202886584, 4.846195479322898, 3.541724242255251, 4.056710793679015, 4.668673561687036, 4.033632148572005, 4.93280711508651, 3.9273200295469683, 5.30590512131643, 5.501732227715605, 5.014071418340212, 3.8855334818576654, 4.325075504414711, 3.6934767543308453, 5.668166259408048, 6.2652141373316965, 6.738877664177096, 5.282230433611591, 