Aggr_Demand_Planned = [2781.4176096869, 2575.5859864479503, 2455.2476437821806, 2365.444584240991, 2289.8741425344297, 2228.028637278076, 2182.6949708301963, 2662.1405930396863, 2661.750467410789, 2661.506220468229, 2661.356274857877, 2661.2654138875423, 2661.210797149143, 2661.1781108578894, 2661.158470525084, 2661.147200925404, 2661.1400038260012, 2661.135822709434, 2661.1332576996997, 2661.1317288752284, 2661.1309018845805, 2661.130411743121, 2661.130080916688, 2661.129882610485, 2661.129763699761, 2661.1296811670345, 2661.129690785162, 2661.129648108974, 2661.1295415149348, 2661.1295590597056, 2661.1295695277495, 2661.129645284547, 2661.12957873924, 2661.129667863163, 2661.129637206488, 2661.129617793326, 2661.129605565842, 2661.1295978959915, 2661.1295931007467, 2661.1295901109397, 2661.129588251166, 2661.129587096608, 2661.129586381152, 2661.1295859385114, 2661.1295856650154, 2661.1295150226415, 2661.1296939263775, 2661.129647547585, 2661.129620910963, 2661.129605637656, 2661.12959689073, 2661.1295918863566, 2661.1295890258025, 2661.129587391946, 2661.129586459586, 2661.12958592796, 2661.1295856250754, 2661.129585452696, 2661.1295853546458, 2661.1295852989883, 2661.129556237859, 2661.1295353391138, 2661.129555383035, 2661.129567357647, 2676.35323832498, 2693.7843614203007, 2717.547928219822, 2734.8613055707833, 2749.567887998293, 2757.904741189401, 2761.1000164825264, 2761.4078354024514, 2757.4810104551966, 2752.2312500381963, 2748.255543284702, 2743.1364752497343, 2741.88555025625, 2744.748407958727, 2749.2070085537166, 2757.2287441931244, 2766.7491381876316, 2780.392108381669, 2793.2096080598126, 2808.3125579545563, 2820.8423000597227, 2833.413043548072, 2845.8923217411098, 2859.6232814285227, 2873.087265633369, 2885.037101417238, 2893.8860144071705, 2900.7624957864205, 2907.342552794508, 2912.626007462197, 2917.454463529292, 2923.9175223684147, 2929.0841785351317, 2934.6527327484605, 2937.685907793283, 2941.800735119763, 2945.9325587159647, 2949.1733457396053, 2952.2830020483493, 2953.81898880745, 2954.815592050573, 2956.4103290654684, 2958.4018617931342, 2961.0608098892258, 2963.0364631031875, 2964.7283377293516, 2966.9757327733673, 2968.4409821659438, 2971.0072260816755, 2975.4875494598105, 2977.6106698171025, 2977.9688902383223, 2977.4313593740403, 2978.307677693496, 2979.3833136076773, 2979.545592235699, 2979.898808388227, 2979.8596324335704, 2981.5739863470026, 2983.487650796592, 2984.510595907398, 2985.6052165197825, 2986.3860380723986, 2987.9551863503084, 2988.556675108141, 2990.5365810111207, 2991.4672917377293, 2992.7237500235533, 2992.118283037055, 2992.5004434422467, 2993.5876171976784, 2993.688877114997, 2994.272283515547, 2994.725638957738, 2995.174752141201, 2995.783046153226, 2997.033491217535, 2997.2516525856454, 2997.2032972781485, 2997.9367303891863, 2999.1045408114646, 3000.0480887751946, 3001.236491387137, 3001.62266107969, 3001.491058816762, 3001.51215872479, 3001.1791632710224, 3002.3918503183727, 3003.4172705840065, 3003.683054659284, 3004.2135455347525, 3004.6625958354366, 3006.8501736892367, 3006.33568278673, 3006.4411844184942, 3006.2052529927864, 3006.7634058199283, 3007.452665300128, 3008.2338575407643, 3009.7014123044833, 3009.864848659595, 3009.908075330526, 3010.0281734789805, 3009.9907461384146, 3010.5661740930336, 3009.9457878348176, 3010.0029899964916, 3009.669566136975, 3009.259965010249, 3009.216975687116, 3009.2135790404, 3009.188673853496, 3008.9407069941303, 3008.7694986861925, 3008.2964480050387, 3008.7117788362402, 3009.4477192147624, 3009.606526857489, 3009.4756184126963, 3008.3913775804695, 3008.2181695310255, 3008.6669915511216, 3007.5819737167376, 3007.033353313402, 3007.0193809076063, 3005.687480762613, 3004.418734165122, 3003.919611275826, 3003.852308989946, 3003.626620360411, 3003.4863411097044, 3002.8162879868355, 3002.6286268477265, 3001.714382990285, 3000.53244014378, 3000.461960213815, 2999.7931518344762, 3000.0600504479225, 2998.9624939536284, 2998.9396442733796, 2995.937290244099, 2995.4591738797044, 2993.313701981313, 2990.534533992164, 2984.9698842723697, 2981.9343819511455, 2978.1000396355626, 2974.080994334827, 2968.2719680399596, 2959.2600069772475, 2953.4884538091687, 2943.8019727144024, 2933.7385540920336, 2926.2778107612558, 2917.014315779742, 2911.0875211027824, 2906.412938847528, 2902.9229468876124, 2896.7837868197025, 2893.865064696743, 2887.70436757177, 2888.097372730365, 2885.391072064886, 2887.078886295128, 2888.4302608520384, 2887.7474350523416, 2888.296667543342, 2891.5247032370507, 2895.733696603447, 2900.132680519961, 2905.2897148380816, 2914.47861689594, 2919.0446775823307, 2924.3839849844117, 2929.802428343482, 2934.307628039094, 2939.0396695621625, 2944.3805399563694, 2947.0370788376845, 2953.9815935264055, 2958.432056766934, 2962.388021812833, 2967.5461945305833, 2969.467656166488, 2973.838236230468, 2978.51283979733, 2981.6880385284653, 2985.088892817533, 2986.9037119090435, 2988.8294694870337, 2990.6967102843983, 2991.6527826300144, 2993.0265253411585, 2994.287333401226, 2996.089997106573, 2997.261427862981, 2998.319126478177, 2999.196476781758, 2999.8374098119803, 3000.591980226578, 3001.1898048746907, 3002.3260643990025, 3002.152307659355, 3003.1914346349417, 3003.615817794213, 3003.381076625414, 3003.924889945363, 3003.894363004607, 3004.368499796578, 3004.854373718539, 3004.868773787722, 3004.8189387753096, 3005.231095925571, 3004.221587139439, 3002.6037488696843, 2999.2706220197106, 2997.312984113499, 2996.0784565791128, 2992.8236729042537, 2990.5050445703755, 2985.427642261741, 2976.3325167560056, 2968.708691633801, 2963.5551474317335, 2959.3965707259013, 2956.3569907693714, 2951.4629661623876, 2947.1073820349816, 2941.953030693742, 2938.561327489561, 2931.6164297305986, 2927.5051460389436, 2922.189440218973, 2916.440618993792, 2911.8200279712355, 2909.797493548835, 2905.472259766448, 2903.1731975784814, 2903.1099684515425, 2902.27523693967, 2901.111492079573, 2900.117685343997, 2902.5805803229473, 2909.0308293593553, 2914.624022774127, 2918.2096471858367, 2923.7316801767815, 2927.162649347822, 2932.991133705741, 2937.020703929418, 2942.231298393233, 2948.624953752132, 2953.143305237993, 2955.916421618227, 2958.488210834091, 2961.78143138182, 2967.3399323378353, 2970.0174589716216, 2974.3874645454084, 2979.9940117357028, 2982.4876166634713, 2985.2193377777894, 2987.0001256415953, 2989.338142324805, 2990.604913474909, 2992.0753033703845, 2993.3252472591716, 2995.662472438239, 2998.227463777192, 3000.584844946292, 3001.056378441061, 3003.373371149883, 3005.512275590194, 3006.5595427572075, 3006.774629809521, 3007.208404172927, 3007.198506439556, 3008.014569653766, 3008.472282281666, 3007.627532524048, 3007.160283730902, 3006.1533132962263, 3005.5507031227517, 3005.3531346250534, 3003.526593698926, 3001.8986066142306, 3000.883641245788, 3000.036950439118, 2999.279767321294, 2997.451054334495, 2995.92326883845, 2994.3638609308773, 2993.5801051451836, 2991.793326825349, 2989.1054774935674, 2986.1290573773185, 2981.911354153156, 2977.8191016027545, 2973.389418748611, 2970.3792342858897, 2966.497206246082, 2962.8890756486694, 2958.352517174225, 2951.561241208845, 2949.3580938264786, 2946.7744414206495, 2942.4431180734955, 2936.0829386447567, 2933.0779395592112, 2929.668556978984, 2927.4302774802704, 2924.9596414331445, 2922.592639586815, 2922.799086881796, 2922.737180901113, 2922.9370754557704, 2922.6534613746735, 2923.0387989192936, 2928.000147428408, 2928.913964111224, 2931.972311853043, 2935.8398662599584, 2939.5084683493974, 2943.0261374867855, 2944.4768595738124, 2947.80158376917, 2950.630183547969, 2952.4969271461487, 2956.2474201047844, 2959.392367746927, 2963.1121746649746, 2963.76018754895, 2964.8898808314634, 2967.118828690945, 2968.666484256858, 2971.514250000103, 2975.141854324283, 2980.6952838393713, 2984.988748351285, 2988.513214594777, 2990.0754349028957, 2991.189359496281, 2993.1745874854396, 2994.6076580291337, 2996.2986233729134, 