Employment = [994.0, 994.0, 994.0, 994.0, 994.0, 994.0, 994.0, 994.0, 994.0, 994.0, 994.0, 994.0, 994.0, 994.0, 994.0, 994.0, 994.0, 994.0, 994.0, 994.0, 994.0, 994.0, 994.0, 994.0, 994.0, 994.0, 994.0, 994.0, 994.0, 994.0, 994.0, 994.0, 994.0, 994.0, 994.0, 994.0, 994.0, 994.0, 994.0, 994.0, 994.0, 994.0, 994.0, 994.0, 994.0, 994.0, 994.0, 994.0, 994.0, 994.0, 994.0, 994.0, 994.0, 994.0, 994.0, 994.0, 994.0, 994.0, 994.0, 994.0, 994.0, 994.0, 994.0, 994.0, 995.0, 911.0, 829.0, 745.0, 666.0, 596.0, 541.0, 508.0, 486.0, 484.0, 490.0, 510.0, 538.0, 569.0, 605.0, 632.0, 661.0, 684.0, 708.0, 731.0, 747.0, 768.0, 789.0, 813.0, 837.0, 858.0, 873.0, 885.0, 898.0, 916.0, 934.0, 943.0, 945.0, 946.0, 952.0, 957.0, 955.0, 955.0, 954.0, 952.0, 957.0, 967.0, 972.0, 971.0, 971.0, 974.0, 975.0, 976.0, 975.0, 972.0, 967.0, 974.0, 975.0, 976.0, 981.0, 983.0, 986.0, 986.0, 988.0, 985.0, 987.0, 990.0, 991.0, 992.0, 994.0, 998.0, 997.0, 994.0, 994.0, 991.0, 990.0, 993.0, 992.0, 993.0, 996.0, 998.0, 998.0, 997.0, 999.0, 999.0, 997.0, 996.0, 997.0, 996.0, 996.0, 998.0, 999.0, 1000.0, 1000.0, 1000.0, 998.0, 998.0, 999.0, 998.0, 997.0, 996.0, 997.0, 996.0, 998.0, 998.0, 998.0, 1000.0, 1000.0, 1000.0, 1000.0, 999.0, 999.0, 1000.0, 1000.0, 1000.0, 1000.0, 1000.0, 1000.0, 1000.0, 1000.0, 1000.0, 1000.0, 1000.0, 1000.0, 1000.0, 999.0, 1000.0, 1000.0, 1000.0, 1000.0, 1000.0, 1000.0, 1000.0, 1000.0, 1000.0, 1000.0, 1000.0, 1000.0, 1000.0, 1000.0, 1000.0, 1000.0, 1000.0, 999.0, 1000.0, 998.0, 999.0, 1000.0, 1000.0, 1000.0, 1000.0, 999.0, 999.0, 998.0, 999.0, 1000.0, 998.0, 999.0, 999.0, 998.0, 1000.0, 997.0, 998.0, 997.0, 997.0, 996.0, 993.0, 991.0, 988.0, 987.0, 983.0, 984.0, 981.0, 978.0, 969.0, 962.0, 958.0, 953.0, 954.0, 956.0, 952.0, 956.0, 960.0, 965.0, 970.0, 973.0, 975.0, 976.0, 980.0, 976.0, 978.0, 975.0, 973.0, 975.0, 975.0, 984.0, 984.0, 986.0, 991.0, 991.0, 988.0, 991.0, 993.0, 994.0, 994.0, 996.0, 996.0, 997.0, 993.0, 991.0, 995.0, 996.0, 998.0, 997.0, 997.0, 998.0, 998.0, 998.0, 996.0, 998.0, 999.0, 1000.0, 1000.0, 998.0, 998.0, 997.0, 998.0, 999.0, 1000.0, 1000.0, 999.0, 1000.0, 999.0, 999.0, 997.0, 999.0, 998.0, 999.0, 997.0, 997.0, 998.0, 997.0, 992.0, 994.0, 991.0, 986.0, 981.0, 979.0, 974.0, 974.0, 972.0, 977.0, 975.0, 970.0, 971.0, 960.0, 961.0, 965.0, 967.0, 968.0, 966.0, 972.0, 973.0, 974.0, 977.0, 975.0, 983.0, 986.0, 987.0, 989.0, 993.0, 993.0, 991.0, 988.0, 987.0, 993.0, 994.0, 997.0, 996.0, 994.0, 994.0, 995.0, 993.0, 993.0, 994.0, 995.0, 996.0, 996.0, 996.0, 997.0, 998.0, 999.0, 998.0, 998.0, 999.0, 998.0, 998.0, 998.0, 997.0, 997.0, 999.0, 998.0, 998.0, 1000.0, 999.0, 998.0, 998.0, 998.0, 997.0, 998.0, 997.0, 997.0, 998.0, 998.0, 994.0, 993.0, 994.0, 996.0, 993.0, 992.0, 990.0, 992.0, 990.0, 985.0, 984.0, 980.0, 987.0, 978.0, 975.0, 971.0, 978.0, 973.0, 971.0, 964.0, 971.0, 978.0, 975.0, 981.0, 986.0, 990.0, 989.0, 989.0, 985.0, 984.0, 988.0, 986.0, 989.0, 989.0, 987.0, 987.0, 992.0, 990.0, 989.0, 992.0, 994.0, 994.0, 991.0, 991.0, 991.0, 992.0, 992.0, 993.0, 994.0, 995.0, 997.0, 995.0, 1000.0, 999.0, 999.0, 1000.0, 996.0, 996.0, 999.0, 999.0, 998.0, 997.0, 998.0, 994.0, 993.0, 997.0, 998.0, 997.0, 999.0, 999.0, 997.0, 997.0, 998.0, 999.0, 999.0, 998.0, 1000.0, 1000.0, 996.0, 998.0, 998.0, 995.0, 997.0, 996.0, 994.0, 990.0, 988.0, 990.0, 989.0, 986.0, 982.0, 983.0, 980.0, 979.0, 980.0, 981.0, 986.0, 989.0, 987.0, 981.0, 981.0, 982.0, 981.0, 977.0, 978.0, 979.0, 984.0, 982.0, 982.0, 981.0, 977.0, 985.0, 986.0, 989.0, 988.0, 990.0, 989.0, 990.0, 990.0, 990.0, 994.0, 997.0, 994.0, 997.0, 995.0, 994.0, 996.0, 998.0, 998.0, 997.0, 996.0, 998.0, 998.0, 998.0, 997.0, 998.0, 999.0, 999.0, 998.0, 997.0, 996.0, 997.0, 999.0, 997.0, 997.0, 995.0, 997.0, 996.0, 997.0, 999.0, 998.0, 999.0, 998.0, 999.0, 995.0, 993.0, 993.0, 991.0, 989.0, 990.0, 990.0, 990.0, 991.0, 989.0, 988.0, 990.0, 984.0, 982.0, 981.0, 975.0, 968.0, 970.0, 969.0, 973.0, 974.0, 973.0, 973.0, 981.0, 978.0, 980.0, 982.0, 985.0, 985.0, 988.0, 990.0, 990.0, 993.0, 992.0, 991.0, 992.0, 987.0, 988.0, 991.0, 992.0, 996.0, 996.0, 998.0, 997.0, 998.0, 997.0, 999.0, 999.0, 999.0, 998.0, 999.0, 1000.0, 999.0, 998.0, 999.0, 1000.0, 998.0, 999.0, 997.0, 996.0, 997.0, 997.0, 997.0, 1000.0, 996.0, 997.0, 995.0, 993.0, 995.0, 994.0, 994.0, 995.0, 996.0, 992.0, 993.0, 992.0, 993.0, 993.0, 995.0, 994.0, 994.0, 993.0, 991.0, 989.0, 986.0, 987.0, 983.0, 982.0, 984.0, 978.0, 979.0, 977.0, 978.0, 977.0, 980.0, 979.0, 977.0, 977.0, 975.0, 980.0, 986.0, 984.0, 990.0, 991.0, 995.0, 992.0, 993.0, 995.0, 997.0, 995.0, 994.0, 993.0, 996.0, 994.0, 994.0, 997.0, 995.0, 995.0, 996.0, 997.0, 998.0, 999.0, 997.0, 999.0, 998.0, 995.0, 996.0, 996.0, 996.0, 997.0, 997.0, 997.0, 997.0, 998.0, 999.0, 999.0, 999.0, 997.0, 997.0, 996.0, 996.0, 995.0, 996.0, 998.0, 996.0, 994.0, 993.0, 990.0, 992.0, 985.0, 982.0, 979.0, 979.0, 979.0, 977.0, 971.0, 971.0, 980.0, 979.0, 976.0, 980.0, 980.0, 974.0, 976.0, 978.0, 980.0, 980.0, 979.0, 980.0, 983.0, 987.0, 989.0, 989.0, 987.0, 986.0, 986.0, 988.0, 989.0, 992.0, 988.0, 993.0, 992.0, 986.0, 988.0, 991.0, 995.0, 996.0, 995.0, 997.0, 997.0, 995.0, 998.0, 997.0, 996.0, 997.0, 995.0, 996.0, 997.0, 999.0, 998.0, 997.0, 998.0, 996.0, 998.0, 1000.0, 999.0, 999.0, 999.0, 999.0, 998.0, 999.0, 998.0, 998.0, 999.0, 999.0, 999.0, 999.0, 1000.0, 998.0, 998.0, 995.0, 996.0, 996.0, 996.0, 994.0, 994.0, 992.0, 994.0, 996.0, 990.0, 986.0, 976.0, 972.0, 977.0, 969.0, 963.0, 963.0, 956.0, 949.0, 951.0, 953.0, 956.0, 953.0, 961.0, 965.0, 966.0, 966.0, 968.0, 974.0, 981.0, 986.0, 985.0, 985.0, 982.0, 982.0, 984.0, 982.0, 983.0, 985.0, 987.0, 990.0, 994.0, 994.0, 994.0, 993.0, 990.0, 996.0, 995.0, 997.0, 1000.0, 996.0, 993.0, 995.0, 996.0, 995.0, 997.0, 997.0, 996.0, 998.0, 999.0, 998.0, 999.0, 999.0, 999.0, 1000.0, 999.0, 998.0, 997.0, 998.0, 997.0, 998.0, 999.0, 998.0, 996.0, 998.0, 995.0, 1000.0, 999.0, 998.0, 998.0, 998.0, 998.0, 996.0, 996.0, 997.0, 995.0, 993.0, 995.0, 994.0, 990.0, 990.0, 987.0, 978.0, 981.0, 981.0, 980.0, 978.0, 966.0, 969.0, 974.0, 973.0, 975.0, 975.0, 973.0, 979.0, 981.0, 981.0, 979.0, 983.0, 983.0, 984.0, 988.0, 990.0, 988.0, 995.0, 995.0, 995.0, 997.0, 995.0, 995.0, 991.0, 992.0, 993.0, 994.0, 995.0, 995.0, 995.0, 994.0, 998.0, 996.0, 997.0, 996.0, 998.0, 998.0, 998.0, 996.0, 997.0, 997.0, 997.0, 997.0, 998.0, 999.0, 999.0, 998.0, 995.0, 996.0, 999.0, 996.0, 998.0, 998.0, 999.0, 999.0, 998.0, 995.0, 995.0, 995.0, 992.0, 994.0, 994.0, 996.0, 993.0, 992.0, 993.0, 991.0, 991.0, 990.0, 995.0, 987.0, 983.0, 979.0, 976.0, 974.0, 968.0, 959.0, 960.0, 954.0, 954.0, 958.0, 960.0, 971.0, 977.0, 977.0, 980.0, 978.0, 978.0, 978.0, 975.0, 985.0, 982.0, 982.0, 983.0, 981.0, 982.0, 986.0, 992.0, 994.0, 995.0, 994.0, 994.0, 994.0, 992.0, 993.0, 995.0, 995.0, 995.0, 997.0, 996.0, 995.0, 996.0, 998.0, 1000.0, 999.0, 998.0, 998.0, 999.0, 1000.0, 998.0, 999.0, 998.0, 998.0, 998.0, 997.0, 997.0, 999.0, 999.0, 997.0, 999.0, 1000.0, 1000.0, 1000.0, 1000.0, 999.0, 998.0, 996.0, 997.0, 996.0, 993.0, 992.0, 992.0, 988.0, 989.0, 983.0, 978.0, 973.0, 971.0, 970.0, 972.0, 967.0, 969.0, 970.0, 973.0, 969.0, 972.0, 976.0, 984.0, 983.0, 984.0, 984.0, 985.0, 984.0, 987.0, 991.0, 987.0, 983.0, 983.0, 985.0, 985.0, 988.0, 988.0, 984.0, 988.0, 992.0, 992.0, 995.0, 995.0, 993.0, 995.0, 995.0, 999.0, 999.0, 998.0, 997.0, 998.0, 997.0, 994.0, 998.0, 998.0, 996.0, 997.0, 998.0, 998.0, 998.0, 999.0, 997.0, 996.0, 998.0, 998.0, 999.0, 997.0, 998.0, 999.0, 999.0, 999.0, 999.0, 999.0, 998.0, 997.0, 994.0, 995.0, 995.0, 995.0, 999.0, 995.0, 992.0, 987.0, 989.0, 988.0, 985.0, 984.0, 980.0, 981.0, 982.0, 978.0, 982.0, 979.0, 972.0, 974.0, 976.0, 974.0, 985.0, 982.0, 985.0, 979.0, 973.0, 975.0, 983.0, 980.0, 981.0, 986.0, 986.0, 988.0, 990.0, 988.0, 993.0, 993.0, 992.0, 990.0, 990.0, 995.0, 995.0, 996.0, 996.0, 995.0, 996.0, 996.0, 998.0, 998.0, 997.0, 996.0, 998.0, 997.0, 996.0, 999.0, 998.0, 998.0, 999.0, 998.0, 999.0, 999.0, 999.0, 1000.0, 997.0, 996.0, 999.0, 999.0, 998.0, 998.0, 996.0, 993.0, 994.0, 997.0, 997.0, 995.0, 994.0, 