Vacancies = [0, 0, 0, 0, 0, 0, 0, 0, 0, 0, 0, 0, 0, 0, 0, 0, 0, 0, 0, 0, 0, 0, 0, 0, 0, 0, 0, 0, 0, 0, 0, 0, 0, 0, 0, 0, 0, 0, 0, 0, 0, 0, 0, 0, 0, 0, 0, 0, 0, 0, 0, 0, 0, 0, 0, 0, 0, 0, 0, 0, 0, 0, 0, 0, 0, 1, 0, 0, 0, 0, 0, 0, 0, 0, 0, 0, 0, 0, 0, 0, 0, 0, 0, 0, 0, 0, 0, 0, 0, 0, 1, 1, 2, 3, 4, 17, 18, 22, 23, 25, 29, 30, 28, 30, 27, 31, 32, 39, 38, 40, 44, 41, 48, 46, 45, 43, 49, 48, 46, 49, 57, 53, 55, 55, 60, 58, 57, 56, 63, 58, 68, 67, 64, 67, 63, 59, 65, 69, 62, 67, 65, 63, 64, 62, 66, 68, 70, 71, 71, 66, 77, 74, 75, 70, 75, 80, 73, 73, 71, 72, 74, 74, 76, 74, 71, 76, 77, 78, 79, 82, 82, 80, 78, 85, 78, 76, 86, 78, 79, 81, 86, 80, 81, 76, 81, 77, 81, 87, 75, 84, 80, 78, 78, 76, 78, 78, 79, 76, 80, 76, 83, 80, 79, 80, 78, 80, 77, 75, 77, 77, 72, 70, 71, 72, 72, 76, 73, 66, 70, 67, 64, 61, 59, 58, 50, 57, 48, 40, 35, 25, 23, 21, 25, 20, 15, 10, 12, 8, 10, 13, 12, 16, 16, 22, 27, 29, 31, 30, 30, 37, 32, 32, 34, 35, 32, 35, 40, 39, 45, 48, 52, 61, 65, 65, 62, 60, 69, 71, 62, 68, 73, 68, 70, 68, 72, 69, 74, 70, 69, 69, 65, 71, 68, 72, 70, 70, 72, 62, 69, 70, 71, 76, 75, 76, 67, 65, 65, 61, 55, 55, 58, 47, 46, 39, 35, 27, 28, 31, 24, 20, 15, 17, 21, 22, 23, 18, 15, 15, 19, 23, 23, 26, 29, 33, 38, 36, 40, 50, 47, 51, 53, 56, 60, 61, 50, 62, 61, 53, 55, 56, 56, 60, 56, 59, 68, 69, 70, 63, 64, 70, 66, 72, 69, 72, 65, 67, 72, 65, 70, 74, 66, 69, 63, 63, 63, 58, 56, 61, 55, 57, 59, 62, 56, 53, 55, 55, 50, 54, 47, 48, 39, 41, 40, 35, 35, 28, 28, 26, 26, 18, 28, 21, 20, 15, 24, 30, 28, 34, 34, 46, 50, 50, 44, 43, 44, 43, 40, 44, 47, 38, 47, 50, 46, 46, 46, 49, 46, 52, 56, 55, 57, 55, 63, 61, 63, 55, 57, 61, 62, 67, 57, 57, 61, 56, 66, 59, 62, 58, 61, 66, 71, 66, 75, 73, 70, 69, 69, 69, 76, 70, 65, 68, 61, 63, 63, 54, 50, 52, 49, 42, 38, 34, 32, 33, 32, 28, 34, 32, 29, 30, 37, 30, 34, 33, 34, 32, 30, 20, 21, 26, 37, 35, 36, 40, 33, 44, 39, 43, 46, 48, 53, 54, 54, 58, 58, 60, 60, 68, 65, 66, 70, 69, 65, 67, 65, 70, 65, 69, 64, 66, 68, 66, 70, 64, 69, 64, 68, 66, 63, 61, 62, 63, 59, 56, 55, 55, 51, 54, 47, 49, 45, 45, 46, 40, 43, 39, 41, 42, 36, 35, 33, 29, 32, 32, 21, 28, 20, 22, 25, 27, 22, 31, 28, 32, 32, 33, 39, 39, 43, 44, 47, 47, 44, 55, 50, 58, 51, 60, 63, 61, 62, 66, 63, 59, 63, 68, 68, 62, 59, 60, 62, 62, 65, 66, 69, 66, 66, 66, 61, 62, 61, 57, 59, 55, 54, 56, 55, 59, 57, 60, 58, 53, 57, 56, 57, 49, 53, 47, 54, 48, 44, 42, 43, 36, 32, 32, 33, 30, 30, 25, 31, 27, 29, 30, 33, 33, 33, 32, 42, 42, 47, 46, 54, 52, 48, 56, 55, 54, 58, 52, 61, 59, 65, 63, 63, 63, 63, 55, 64, 56, 59, 61, 63, 61, 56, 63, 64, 63, 68, 74, 68, 66, 74, 69, 65, 61, 60, 65, 64, 53, 58, 53, 46, 46, 44, 42, 35, 38, 34, 33, 26, 24, 27, 17, 21, 24, 25, 23, 28, 33, 31, 31, 31, 29, 29, 27, 32, 36, 42, 42, 46, 43, 41, 37, 42, 40, 49, 50, 50, 53, 44, 48, 55, 55, 58, 59, 58, 58, 56, 63, 63, 60, 65, 59, 62, 59, 65, 71, 68, 70, 72, 70, 75, 75, 78, 81, 81, 79, 80, 78, 77, 81, 73, 71, 69, 67, 58, 59, 53, 59, 55, 56, 53, 46, 47, 48, 43, 36, 32, 27, 22, 21, 16, 18, 12, 13, 7, 13, 14, 18, 11, 18, 20, 18, 19, 26, 26, 32, 38, 47, 44, 44, 42, 49, 45, 51, 51, 51, 53, 56, 60, 61, 62, 60, 63, 59, 66, 66, 61, 64, 64, 69, 65, 67, 66, 66, 64, 68, 63, 65, 68, 73, 64, 66, 62, 65, 70, 65, 64, 65, 78, 66, 62, 65, 68, 71, 71, 61, 61, 55, 55, 53, 52, 52, 46, 47, 43, 32, 34, 31, 26, 28, 27, 26, 31, 20, 21, 18, 18, 22, 28, 25, 31, 30, 36, 37, 41, 41, 46, 55, 58, 57, 61, 58, 61, 62, 63, 59, 61, 50, 46, 51, 53, 60, 52, 60, 65, 62, 69, 67, 70, 64, 66, 67, 68, 66, 67, 67, 69, 74, 68, 70, 73, 70, 70, 65, 66, 57, 60, 58, 65, 55, 55, 51, 54, 55, 52, 50, 52, 53, 53, 52, 44, 42, 41, 32, 33, 27, 20, 17, 23, 12, 14, 18, 12, 18, 17, 23, 29, 27, 28, 30, 34, 31, 26, 32, 31, 37, 37, 42, 44, 41, 54, 51, 57, 55, 59, 59, 61, 58, 57, 55, 54, 61, 64, 69, 69, 70, 67, 74, 67, 75, 71, 70, 73, 73, 72, 72, 70, 75, 75, 74, 72, 72, 73, 64, 74, 75, 65, 65, 62, 58, 57, 44, 44, 43, 39, 36, 36, 31, 24, 17, 17, 22, 21, 18, 19, 15, 23, 27, 31, 26, 38, 39, 42, 41, 37, 35, 35, 41, 44, 36, 37, 39, 47, 46, 42, 41, 56, 54, 56, 56, 61, 60, 56, 58, 62, 62, 57, 64, 70, 64, 63, 62, 56, 65, 62, 66, 66, 65, 68, 63, 61, 67, 71, 70, 72, 70, 71, 70, 71, 68, 64, 62, 56, 57, 54, 53, 49, 47, 42, 44, 41, 47, 38, 39, 38, 32, 28, 32, 31, 31, 29, 27, 26, 28, 17, 31, 28, 23, 27, 33, 28, 35, 31, 37, 40, 43, 50, 52, 53, 56, 57, 61, 60, 61, 61, 70, 64, 65, 66, 70, 71, 68, 69, 69, 71, 75, 70, 65, 64, 62, 70, 66, 74, 69, 65, 65, 64, 60, 61, 63, 56, 59, 62, 54, 60, 47, 57, 51, 49, 45, 46, 41, 36, 31, 28, 24, 24, 18, 22, 19, 27, 23, 22, 18, 18, 23, 29, 31, 34, 38, 39, 43, 46, 42, 45, 46, 58, 56, 64, 57, 57, 60, 57, 60, 60, 56, 61, 59, 60, 59, 67, 69, 66, 71, 64, 72, 68, 66, 69, 68, 72, 74, 67, 66, 64, 63, 69, 70, 69, 68, 67, 64, 61, 56, 56, 51, 44, 43, 43, 40, 46, 40, 35, 40, 37, 28, 29, 21, 16, 12, 16, 17, 18, 27, 30, 27, 32, 29, 28, 30, 29, 31, 34, 38, 36, 39, 38, 47, 47, 44, 48, 48, 50, 53, 54, 54, 59, 59, 58, 59, 60, 63, 60, 62, 63, 62, 68, 65, 66, 67, 66, 70, 70, 77, 72, 72, 74, 73, 76, 65, 70, 74, 71, 71, 71, 69, 74, 71, 61, 60, 64, 57, 62, 56, 59, 51, 51, 38, 34, 42, 38, 29, 30, 34, 27, 30, 28, 28, 20, 25, 20, 22, 26, 23, 26, 27, 27, 28, 36, 34, 42, 37, 38, 36, 39, 38, 37, 43, 43, 44, 46, 40, 43, 40, 38, 45, 45, 52, 54, 51, 49, 50, 51, 52, 56, 56, 65, 66, 64, 66, 73, 77, 76, 75, 75, 74, 71, 75, 72, 71, 76, 76, 71, 70, 64, 69, 72, 76, 65, 76, 65, 63, 67, 61, 53, 62, 56, 54, 53, 46, 50, 49, 48, 42, 36, 27, 33, 21, 20, 22, 20, 11, 24, 20, 23, 27, 29, 27, 23, 20, 16, 21, 24, 23, 29, 32, 37, 32, 39, 41, 44, 39, 46, 51, 56, 58, 62, 67, 66, 70, 65, 64, 62, 65, 68, 66, 66, 61, 69, 69, 67, 67, 71, 71, 70, 75, 70, 69, 70, 64, 70, 66, 68, 67, 68, 69, 70, 73, 72, 71, 68, 65, 66, 67, 60, 53, 51, 57, 54, 51, 44, 40, 39, 30, 33, 23, 23, 21, 15, 17, 12, 18, 20, 21, 26, 23, 29, 24, 28, 30, 28, 29, 35, 32, 37, 36, 41, 38, 43, 42, 50, 48, 45, 43, 50, 51, 52, 51, 48, 57, 61, 60, 67, 71, 71, 75, 79, 72, 70, 67, 69, 61, 64, 66, 72, 75, 69, 68, 68, 71, 70, 76, 65, 71, 73, 75, 74, 66, 72, 69, 74, 65, 63, 61, 55, 59, 56, 54, 55, 45, 42, 46, 38, 34, 32, 26, 27, 17, 14, 8, 13, 8, 8, 10, 19, 25, 33, 34, 35, 35, 38, 33, 39, 32, 38, 38, 40, 42, 37, 45, 40, 50, 55, 55, 52, 51, 57, 60, 59, 63, 67, 70, 62, 74, 76, 74, 77, 74, 76, 72, 72, 76, 79, 76, 75, 76, 75, 74, 77, 74, 73, 76, 73, 66, 72, 68, 65, 64, 71, 70, 64, 58, 61, 52, 53, 48, 41, 42, 37, 38, 37, 25, 17, 21, 13, 9, 10, 10, 7, 13, 13, 15, 21, 21, 23, 24, 34, 35, 29, 31, 35, 31, 40, 41, 39, 44, 45, 49, 51, 52, 42, 45, 42, 51, 48, 57, 53, 58, 56, 55, 60, 60, 64, 70, 69, 65, 69, 71, 75, 73, 73, 68, 76, 70, 68, 71, 73, 73, 69, 71, 71, 71, 77, 72, 71, 73, 65, 68, 71, 62, 62, 63, 58, 61, 52, 49, 49, 44, 36, 34, 34, 34, 28, 29, 30, 24, 25, 20, 22, 23, 22, 25, 25, 26, 28, 20, 26, 23, 25, 22, 28, 28, 30, 31, 33, 32, 35, 38, 36, 41, 37, 39, 36, 47, 49, 48, 50, 51, 55, 58, 55, 56, 64, 70, 73, 67, 74, 71, 73, 76, 71, 78, 76, 76, 79, 80, 78, 75, 76, 73, 76, 73, 77, 72, 73, 78, 76, 76, 64, 63, 71, 58, 57, 56, 51, 43, 42, 36, 33, 36, 27, 24, 26, 31, 30, 27, 29, 36, 27, 25, 27, 30, 24, 27, 27, 29, 28, 25, 19, 27, 32, 30, 33, 33, 33, 38, 34, 40, 40, 41, 39, 48, 42, 49, 45, 57, 56, 59, 53, 60, 69, 65, 65, 70, 69, 65, 76, 74, 72, 77, 77, 73, 77, 73, 73, 74, 76, 77, 78, 75, 79, 70, 78, 77, 71, 67, 72, 67, 68, 66, 64, 62, 57, 53, 48, 52, 47, 49, 41, 36, 34, 32, 29, 26, 17, 13, 11, 10, 11, 14, 15, 21, 25, 27, 27, 34, 41, 47, 50, 51, 53, 46, 46, 42, 44, 44, 49, 46, 49, 45, 50, 48, 44, 53, 52, 51, 52, 54, 53, 54, 56, 55, 55, 53, 67, 63, 69, 64, 57, 63, 65, 63, 67, 65, 66, 63, 64, 65, 62, 62, 61, 63, 59, 58, 69, 72, 66, 70, 68, 60, 61, 58, 61, 50, 60, 57, 53, 52, 41, 46, 40, 41, 34, 31, 27, 28, 34, 36, 38, 46, 43, 43, 49, 37, 38, 36, 41, 35, 40, 40, 39, 42, 37, 33, 35, 34, 34, 33, 34, 35, 41, 42, 34, 39, 45, 42, 51, 47, 50, 53, 60, 59, 63, 60, 63, 63, 61, 66, 65, 60, 64, 67, 72, 70, 67, 66, 59, 64, 60, 59, 64, 65, 65, 65, 65, 70, 72, 71, 69, 65, 61, 61, 64, 49, 50, 46, 49, 47, 50, 48, 54, 51, 43, 46, 38, 43, 44, 42, 44, 36, 38, 34, 32, 33, 36, 37, 44, 33, 36, 26, 